----这是blending_RF_LGBM_XGB的性能-----
MAE: 0.3717791702867444
MSE: 0.3007105160426281
RMSE: 0.5483707833597885
MAPE: 0.017530307698008566
r2_score: 0.9960001853391652
----这是blending_3_stacking3的性能-----
MAE: 0.3715463128645568
MSE: 0.3007063886812701
RMSE: 0.5483670200525101
MAPE: 0.01750853347483591
r2_score: 0.9960002402380782